40.555549
35.129965
66.821685
25.762803
68.535147
36.249326
4.433260
81.231873
75.673881
49.612182
62.730087
3.292418
99.882862
77.480271
24.826145
5.182747
61.959267
95.292108
13.422186
20.179791
46.359349
9.488854
5.541342
72.081726
87.261110
70.507126
40.580778
23.493561
42.606558
18.754140
63.013627
83.162107
53.884106
29.835312
8.924910
22.419252
66.084638
13.358170
3.651125
41.758518
62.970352
66.381212
45.050937
62.853214
43.861483
69.877082
68.035961
5.820750
65.169189
81.458146
26.000541
11.528539
90.947000
31.541883
83.610265
78.208110
2.049009
24.191043
1.701671
44.655568
42.945183
64.715298
27.817674
96.829288
94.550610
36.742584
19.248540
60.635248
50.100754
22.899666
2.393766
13.071106
89.280878
47.444703
75.924319
33.142361
17.321785
43.960280
38.963111
82.490974
25.418426
64.963652
94.019513
16.365426
96.505535
77.629777
94.573536
98.554544
1.820820
96.275208
43.210112
44.766003
60.990506
71.027786
41.595291
55.541116
7.770370
60.843832
16.176364
57.871124
83.743497
18.570130
70.942230
73.024375
66.014833
46.866549
6.166736
83.336618
90.826829
45.129846
65.827592
16.245255
10.093498
59.847105
32.610681
6.599033
37.476882
27.184217
5.153577
39.297702
23.459425
48.363689
84.063705
84.449931
19.391475
25.658997
39.991047
27.161846
86.502828
56.167411
85.032970
70.246325
74.737541
55.975200
43.270700
40.752374
2.841749
49.437436
24.088992
93.668579
94.567283
89.916584
9.913834
4.660781
49.763689
42.524515
11.259814
87.240572
69.708733
16.413391
26.538274
93.168158
64.777080
10.601979
77.618089
84.168556
36.260976
17.609135
11.330402
22.763804
73.776546
96.363372
93.010129
48.514087
52.338572
36.280829
89.266461
55.180321
85.718266
13.355454
48.848900
80.285548
3.272038
58.762734
84.946329
53.035727
1.287249
96.206143
40.276299
70.995982
12.619534
66.814573
64.164140
77.396614
77.416552
41.782228
61.565170
13.677528
59.391364
72.895572
36.441332
33.167910
69.258944
29.451461
81.681997
21.597516
65.732290
70.948458
76.777837
51.450556
84.303912
25.626736
31.736104
87.575950
84.389470
16.682433
40.611677
85.676719
12.888575
80.887976
56.672701
25.508109
47.702549
20.836841
2.904723
25.119101
62.619069
64.469893
38.796629
22.010433
37.365465
75.237960
55.178343
6.624409
4.689421
36.860340
28.221924
70.421711
7.808798
4.999761
21.872267
92.112710
30.626497
53.608371
79.688660
15.015967
70.290803
20.300337
0.692686
83.179378
1.188314
57.365387
8.687487
48.890863
78.202227
11.592210
74.009964
40.821296
76.062103
12.806592
62.831729
13.427567
88.044552
18.010072
20.051976
92.733973
54.870412
48.273900
63.155684
62.679210
53.273661
85.027951
54.791920
83.900158
38.636322
34.480580
98.916125
8.927125
54.780918
99.608811
92.106503
55.969231
56.974198
0.793990
4.860094
35.176425
12.386199
78.870057
75.997721
88.448302
91.676650
38.829451
1.875870
79.721202
56.839523
21.927846
72.455175
11.709935
70.201746
35.610860
74.389145
23.475407
20.638811
29.181065
7.375565
59.275133
63.661645
6.291690
68.202257
18.442563
5.900501
60.308760
74.411794
62.874698
61.102750
79.271888
98.051123
73.488950
58.141945
74.048845
61.937252
49.818595
12.878295
63.813121
29.539797
69.717818
85.740967
1.994972
81.427753
55.942713
37.605832
55.816897
79.418120
58.244642
84.997962
86.793685
17.519775
48.659608
93.085375
85.722033
67.102170
98.985876
46.030793
41.513965
61.860574
7.133543
20.785852
59.911697
80.622493
78.927798
33.960542
42.559745
28.746393
46.838837
6.372866
58.286189
16.556655
92.113833
60.281161
97.984408
48.056546
97.886993
53.801305
27.474666
56.131635
38.799268
14.268351
73.651410
87.458875
7.353726
59.373443
54.561046
6.339602
5.404236
96.075010
68.200176
12.537779
16.860863
28.111873
93.160272
95.788660
62.072416
35.720016
24.535053
8.911253
42.092882
82.821242
25.467908
34.206716
43.102403
