46.095953
70.503513
69.637273
61.384489
53.232400
60.543592
54.184566
21.916229
67.369085
66.917894
32.348354
76.201619
78.775362
87.272063
65.173581
41.623330
63.985317
1.122581
50.098813
50.422377
96.866082
60.697634
76.874540
12.626815
77.007554
78.621080
59.870729
67.507465
30.156402
68.503779
94.065820
76.252355
39.007292
63.703093
37.636844
92.239692
24.246685
91.821411
14.155920
91.615770
58.739304
46.504274
67.817389
37.514667
33.776337
32.990970
79.137997
97.761655
34.113551
29.236810
48.184032
30.979633
89.934444
25.058572
43.606448
66.941998
3.679651
3.477177
34.449463
33.836054
71.980956
28.515283
10.088409
10.988248
92.218376
47.725253
3.227939
16.465061
39.546664
17.383860
8.080831
98.285968
63.888134
75.898220
35.800635
97.664471
8.889189
14.938632
95.426126
43.002740
44.175442
43.610158
73.982373
34.109885
68.668729
17.588821
1.051883
72.348381
21.065998
35.501346
6.184435
93.046954
64.016629
16.272844
4.035201
56.235004
63.998097
7.263141
72.700065
3.544761
24.647000
80.780896
1.830729
88.535135
56.679116
37.631364
86.199606
65.568305
52.569996
81.625732
8.571045
96.745438
25.235890
82.553418
30.855323
93.904619
0.142239
31.907206
66.253000
21.208236
67.408552
72.437435
14.255190
31.425181
88.710279
18.290392
87.660185
52.708376
25.553533
60.360249
56.253137
50.200533
41.141145
58.083866
38.735668
97.820261
95.715230
24.935274
63.388566
48.285225
6.561006
71.959611
45.030663
31.796895
54.513029
75.885986
25.701515
54.655268
7.793192
91.954515
75.863505
75.201744
64.391950
90.118695
6.626924
53.102229
8.409087
94.287109
5.810605
33.962619
54.647358
62.063742
84.163152
95.788504
20.147607
22.898820
93.608764
15.862837
47.834093
56.997330
64.148062
54.395099
28.956942
9.178725
86.191995
83.469971
85.064711
11.893509
38.125239
92.857903
3.848024
13.988744
68.059647
68.239975
4.107439
74.686571
21.342204
12.516526
68.973680
27.152809
46.479145
23.621039
89.216550
30.642297
19.409542
9.364157
53.541117
13.018307
25.226994
1.375211
70.015637
89.375056
55.770310
98.972578
98.553782
41.962304
82.442549
83.618493
53.855813
20.567789
76.476396
57.703838
34.556532
44.536042
25.943812
38.663971
19.222614
47.286016
51.180497
88.196294
74.438825
97.659642
11.817333
63.655375
28.301939
31.226875
73.019532
81.843056
44.245181
98.246527
83.218267
14.260818
87.621583
38.988576
13.233397
86.175365
80.950880
95.675946
69.793857
34.806694
16.243735
46.270253
92.510531
50.800267
90.806295
18.454344
89.464238
10.028909
65.740360
40.644735
98.225203
40.179185
38.304377
10.042535
3.834560
66.606316
41.269410
76.854093
48.449372
85.514591
75.100619
31.667639
99.775409
62.722202
70.656215
13.008806
48.897567
51.607095
8.684752
18.691424
86.413789
24.928487
64.961677
78.924320
75.728754
55.767972
97.378664
65.192993
65.796881
63.119024
5.837728
64.022084
3.298209
44.142105
74.064619
7.132769
10.748421
15.334029
83.986862
59.197793
0.848620
59.087481
90.865431
0.624030
21.809683
61.521646
13.632836
70.707250
13.128741
22.317588
89.398674
99.542530
47.246075
54.360351
78.466850
22.974829
10.128324
75.845514
88.167822
75.925205
38.964538
94.005549
39.947289
42.262747
38.147654
14.011908
49.395516
48.896075
29.345937
33.382378
8.093867
30.194557
92.469859
98.959299
30.818587
14.279542
60.480944
44.451423
84.986792
73.609685
66.769011
74.385467
73.152215
14.015086
28.745818
51.619065
36.989915
38.874141
27.464578
25.157736
14.799346
66.429116
19.163286
54.746635
8.691863
57.310940
68.758543
58.087379
6.207014
98.104479
91.469757
14.300882
28.299036
83.939616
13.260180
59.117623
98.219158
73.741125
3.569046
83.205951
47.350810
70.338057
57.591417
20.503025
84.353142
86.337235
72.122090
21.343057
25.211377
99.586668
46.500793
40.010723
66.015784
65.664079
94.757358
74.707647
22.975019
63.515900
32.795026
29.182033
